1.1356504357229062
1.469064245523481
2.756371415541869
2.68071176751662
2.6367444999714302
1.746884843105428
1.6295946674241222
1.5696014343892593
0.9441799822706143
1.5214098868026436
1.4075846665464447
1.652947969125233
1.2645053312584702
1.6690478368658317
1.0964737359747276
1.9192066525960758
3.5136104842587925
1.5989353460518487
1.6575914614284077
1.2766533692045714
1.039230725021901
1.0316409057283427
0.8369144710353722
2.1236546551173343
3.3842371816693197
1.0553910075453594
1.208468121529736
1.102172923386301
0.6242159622404022
1.711478855957702
1.3406590490979198
1.2678861024976464
1.8508943162688922
2.3246179383593764
1.1845584207763848
2.123469878130606
2.0620116319514494
1.3536182647345947
0.7473278707528794
1.5514377012897433
1.1166004066434991
2.0046160726738504
1.5865961084305464
0.6892145459029607
3.2777461577628695
1.8234786945736197
1.5538505895729573
2.5170077364136643
0.9501910422127923
1.7065390001948089
1.9839768140047018
1.9840060069211667
1.4003172119754073
4.5959431423595225
1.6146956921129034
1.8049531532095846
1.1839672520581939
1.4457325642227572
1.5790018396043204
1.529778545276488
0.9741313607567319
2.221693666972424
1.0650647629108456
1.827499070349019
2.1427446311875697
2.135942139087718
2.97599721635747
2.0744617585901506
1.7645557345190923
1.651956045670988
1.6875911539542308
0.8532117779105474
1.4131538107785566
1.8705021232569812
1.591434988741725
1.6929627787663617
1.552474425096323
2.308416534599289
1.124673962641392
1.3165245023749075
1.5329853082750122
1.2120391915002622
1.481224270315057
1.628093216810308
0.8387325786481835
1.0930294492732167
0.9705907341471743
0.8953203674603506
1.445648511620848
1.4403324995859903
1.1180010257890993
1.660882590950668
0.8684711792801155
1.60978562271309
2.5575175798222056
1.1152723067673485
0.5572005066079394
1.5415802600955406
0.5572005066079394
1.7159457357432857
1.1636309114928955
2.0686294846419946
1.5981134789100855
1.8246531827894574
1.6782124394422087
1.9210986919791737
1.0550354322903335
1.7242320669787925
1.1532710925689293
2.10209964191482
1.7208870475796703
1.4275982183817189
1.359086147841377
1.6427171209985327
1.7159457357432857
2.577846884404728
1.2205937641971085
1.5556888737804049
0.9520832787549884
1.253508184835024
1.4493040235276031
1.0778190485485242
0.7976722178306399
1.1858870991015509
2.0038450216122925
1.4056471485362576
1.480802112851677
2.241731209858109
1.5607057905291286
2.801267826153818
1.7422930470324203
1.5065018859245782
1.1678187462639902
1.6032508077490348
1.503897419314089
1.5060672654682714
1.8709796197368176
1.318842180964822
2.2266598838393707
1.6226099971077368
2.013922472029085
1.1048491510947829
1.510423287455634
1.6458481627749475
1.3994759754097035
1.4091377987685947
1.346030934230705
1.7897623329376848
0.893922692473549
1.6290938954507201
1.0726878834581637
1.4196761722735656
1.1121671734382936
1.732829905151405
1.4501184529954358
2.201723960615832
1.5959885332917931
1.5889829990884365
1.176271140351147
1.4657394990188581
1.5677335004138577
1.6638216540484945
1.6764177268343818
2.5528392089258825
1.5433552970952222
1.4020205524711589
0.8258544828277964
1.5282478281230416
2.1277730528206162
1.0726878834581637
2.2950227700943238
1.6989101898659058
1.0942075279582928
1.5187604013813194
0.8345010926100346
2.455756789819656
2.122585818040234
1.7682885584937473
1.8665449912928056
1.4707314033554706
1.838064113063585
0.9585666151391389
1.4090327059085233
1.0285613269390694
1.5401823439232587
2.4102792736300755
2.5459261887123237
1.0403589910197217
1.6386582866791322
1.6666166700149097
1.6206246500403814
1.4355742979718065
1.4995739212693069
2.1395387858988437
1.3202187279221718
1.2445496239358211
0.8497886515330274
1.6568124201658285
2.1458689781508182
1.4232423949829245
1.106767268569728
1.134607538113886
1.548358965607594
1.8104875440923183
3.715893548886038
2.2142578085595543
1.4736566516082823
1.4052601630258215
1.8361558245688607
1.9222515643363067
2.039238332163404
1.3306325514525041
1.7617676038083168
1.643225811475038
1.418122608439184
2.92616882639688
1.6231070437386435
2.5998234210623217
1.5995639478758295
1.7513235042937199
1.0554787826533494
1.4521578738990473
1.1749966976514228
2.117937481338908
2.5704166512092765
1.2224080216657822
1.42166385940297
1.6669535888017162
1.9717298633812634
2.0170468961311903
1.9237375449949743
1.1362104192008762
1.5832654427516715
1.966878210224266
1.5200841338658317
4.8012678261538175
1.1524489952087946
2.3179535402140004
1.4686479555735972
1.5918559530763885
1.9385402978358435
1.12902690860481
1.6555246217528574
1.3973822222532593
1.5937765485826414
2.325964386345705
2.8227638132202624
1.473238155351665
1.9544119663638213
0.7167237864026159
1.8129586381169323
2.1458689781508182
1.2940127588655836
1.1619628538816753
1.136611727597579
1.176271140351147
0.9001085119202635
1.3444152317557523
1.7994538026728117
0.5814402416327894
0.5814402416327894
2.0527547964119415
2.1867512986359072
1.3181549519022864
1.0347351467795165
1.6092961389222795
1.560158039912864
1.128630034386038
1.40440548041876
1.9924585724655937
1.3684757554256728
0.7699669146042595
1.572880016198697
1.5183196051456187
1.3229802115342215
1.1561561878532614
1.4436242996494693
2.2207038218923003
0.8658959249367818
1.1408636526657203
1.5952197872926595
2.2447771123264952
1.3187094094238083
1.66122030749851
2.071957415777494
1.1330084097227382
1.03439061458798
1.665386209795095
0.8966838528398592
1.0593150589024194
1.0878278963060137
0.9486819971444597
1.0163312086277083
1.055746775004402
1.437981474469922
1.0848466326289883
1.427201330568642
1.8266767676281461
1.4287899710916239
0.9812811811342608
1.4387853514026434
0.7251969303670945
2.3157433889863763
1.0339204570363862
1.4657394990188581
1.158920663935335
1.414986904803228
0.9091617908207538
1.7127519283105639
1.4079750774259485
2.451927496090676
2.2326570696698123
1.3707025581099603
2.633307568295031
2.679033334214039
1.8387011420351582
1.9984667445907296
1.1059993668598143
1.5974294459891365
1.3998603918637793
0.8267416238265657
1.4901373063750631
1.0353563152023961
2.2316546587520847
1.1199568559437953
0.9983286405580333
1.429585382286227
1.4707314033554706
1.2080230101162805
1.719219356256847
1.4795368701460794
1.4927007778780794
2.2173590380649273
0.8704114422176772
1.5913764670229167
0.8300088967689563
2.5713531126868974
1.8469545074881548
1.4858815949522226
1.5108681153925427
1.581841915040842
1.6940411016408057
1.8626058055669965
1.485457168379494
2.0964739629839446
1.0640662830885061
2.2366783220550794
1.2859631120452064
0.7186110118365596
3.4969901148112577
1.1129421221551516
1.2530338653880408
1.9536842001178045
1.6192380423301298
1.4420419831212812
2.232079546979443
2.047303282991003
1.554769245358017
1.442008319715802
1.975786893076766
2.3633803082079194
1.5339231075553748
1.8017215540554392
1.6897358191519982
1.9810261358010064
1.0550354322903335
0.8231221120993268
1.848957662258534
1.7964135861849524
1.1211330653447027
0.8371905007661554
1.4319759956223166
1.8376394045434117
2.369229414242553
1.8448149253774282
2.545680223605986
2.3427717546467934
1.534330914994645
1.6732515424154677
0.9486819971444597
0.9211463206434647
1.7166895093759438
2.4212272975084863
1.592335703966136
1.349069382589477
1.5410903962974059
3.2196032618683526
1.9787768752506683
2.1243548389446083
1.5649391099163563
1.6732217818731916
1.999547783822722
1.0935139953411133
1.1153072636181118
1.6637431284944555
1.090447448399275
1.9561859444976037
3.250349001311579
2.1422460783674144
1.1822496339489437
1.140637815555437
1.2283367289488356
1.7897623329376848
0.8563568874186855
0.649650797201497
1.0500774640735884
0.649650797201497
2.2807887400684073
1.7059918575223503
1.8560799374254515
1.0837320797302943
1.5971478434978932
3.7352195853021346
1.4484903569914678
1.1094618256922848
1.0462080173530341
0.9644795704715076
1.6231070437386435
0.795066098858752
0.6643058508312857
2.025260949841703
0.8649336527585426
4.312438671123623
1.525399330240734
2.1577488651083674
1.2781502502750663
1.9180778939626626
2.0736261751069445
1.1737245900277944
2.302986502380626
1.037999692922498
0.9881190769125336
1.9187505964212157
1.5013007388635273
2.1870117453404387
1.1796811268004976
0.791741692343524
1.4558409421615728
1.4099154075616294
1.2587465948668943
1.4820692012803292
1.4204818374961616
1.2850328835746128
0.741103283025892
1.800746563706045
1.5040395251563348
0.9154526929024009
2.1395387858988437
2.43885144634144
1.7970207787743817
2.8375477938050926
1.8086388261958097
2.0921972977030254
1.6659083552654668
1.6351222988084482
1.170343662809303
1.503897419314089
1.461188653361131
0.9717684252580768
1.520967744281614
0.7788775451378699
1.3449534038633308
1.6822525448688206
1.1917493319477712
1.2142803470702854
1.3712603098815022
1.259703171678839
1.467815973743888
1.4208756660967907
2.001160643321886
1.2205323153039478
1.7488845116843723
2.009898783398213
1.4875813782027223
1.1125545368311451
1.0859630486040197
1.8905628062388362
1.2756739279342564
2.1942611233389
1.510860093581916
0.8547849569864937
1.917354150840995
1.8185444384852727
1.51964266551386
1.2960235368735045
1.44241203292958
2.2128254099304034
1.6206246500403814
1.9097135749021508
1.5134855534059921
1.473238155351665
1.2459566673440736
1.9158251042934293
1.350899496615839
0.6258731946744435
2.1577488651083674
1.8342517193916918
1.0521977289655267
1.0364605474562978
1.674051353117867
1.1636309114928955
1.4922730068948917
1.4574828877616903
2.0079246970552207
1.4711486932812514
1.4500612713611287
0.9338196368436236
1.1619628538816753
1.7613203168799574
1.5971478434978932
1.20324884878276
1.7572492530184005
2.5341900094133827
1.4661543970271325
1.1520558937813756
0.830307050155066
1.2563607372128849
3.150354881896794
2.219715103556961
1.6161741417699516
1.928589087931597
1.3813724986056226
2.9736401213863846
1.20631156056362
1.4343732067956652
1.4736566516082823
1.37405540418997
2.2326570696698123
1.8117222123368948
1.1724548100819232
1.4256155903494594
1.213383028728778
0.789253509838133
1.5214098868026436
1.4244281821483966
1.7783924218359115
1.1887126458913708
2.198243271746379
1.615188229105861
1.1442816465123404
2.1270151441293024
0.672269416614399
2.1531604288499198
1.3751764092944907
0.8202747117585705
1.0393258879196903
2.7955057296536037
1.1495793665969591
1.6034437486932167
1.2810774327784706
1.0675960699460878
2.1522456431268098
1.736484258318716
2.8032001716978585
1.5942573617495313
0.6538196376368008
0.6538196376368008
1.1350079059825686
2.625389656000935
1.5183196051456187
1.1477065606771655
2.043261447108542
0.8387325786481835
2.4027328664307923
1.516800460932305
1.8037280627895573
1.4025560813458882
1.5696014343892593
1.729273874539893
1.7580652879949399
1.153555662086058
2.071612363738843
1.6146956921129034
1.239414141602169
1.5397342852275455
1.3289778400632253
2.2632802988264724
1.7153404836245585
1.5450862473721942
1.0241387014502616
2.0267609158474476
2.443696943453738
1.4475846738733242
2.5959431423595225
2.099213963114555
1.0686838853653855
1.4236374775295617
2.450373060633866
1.4339732118708868
1.7683439855868912
1.5966654280654387
2.971289405570515
1.4099154075616294
1.6716727677357786
1.905574143888274
1.249722428482539
1.0841316097012461
2.3844228551428244
2.0193976119470594
1.4407983047110045
1.3623244608850889
1.0529060074108338
2.2255340470672595
0.6330625637711936
1.4947717983424318
1.6356265594692334
1.8323517792309951
1.848957662258534
1.2246824149009432
1.2900079078082574
2.154076179028373
2.2236767476598787
1.868461530366623
1.4331737742039536
1.9580599724141559
2.885483868298367
1.725909419860166
2.548499871188856
2.333584097602591
1.429585382286227
3.103384347661011
2.024907483388055
2.7709210203245047
2.785961897696767
1.8580325548767869
1.2840419835168009
1.5671882448831604
1.3987076525256321
1.4142047444948076
1.1211330653447027
2.036033203198849
2.1305749399472744
1.0877248739003553
1.4177300258499892
1.4720859960149018
4.121014230378827
2.468604982620768
1.4386963056940363
2.2643199027373013
1.0224457025542752
1.5325372355470945
2.051364014855565
1.7088419762397231
1.772467508249445
0.7837381564801024
1.5644742509468412
1.4607761200055698
1.5557013922071277
1.783161625108462
1.2704276825155123
1.3645949496050334
1.542901844219454
1.6068528490867173
2.6493632743189655
0.8044570337698903
1.414986904803228
2.3255764161905725
1.0525517727721299
2.043261447108542
1.4799584129661985
3.361868847764292
1.8705021232569812
1.5640096406315074
1.7890301253965353
3.129367684381439
1.2417438554076283
1.5616903095770298
3.284453441778045
1.5460809969171716
2.3175462059733274
1.431178393211994
1.2035873381232072
1.0589573598714825
1.4241384257881233
1.4804330445424496
1.127440797160277
1.170343662809303
1.0316409057283427
0.8569870804767533
1.970500883507655
0.8656193854419076
0.6966846834244647
1.4833796860069481
1.3056517591376988
1.705445059289746
1.156982724753279
1.4438850074675023
1.9414045674184008
1.966878210224266
2.2307341806594154
2.1953559927537785
1.8599895717703334
2.4375806502642727
1.737175323111335
2.9412953057672597
1.7520429099751418
2.1314671731678017
1.4264080985830945
1.54744706109989
0.7413838984109064
0.943433287316555
1.7891601915175168
1.649866041715129
2.53200247015417
1.2621614052104644
1.8764718303559058
1.9999999999999998
0.8547849569864937
1.6156963819011143
1.4607761200055698
1.5891989947953764
1.036806176651729
1.8711634015255465
1.9028254423418325
1.6942290759400407
1.9397989438176086
2.261057669702701
2.1242422012132933
2.373071481715412
1.0258361406476848
2.011586507473287
0.7733318614069972
0.9197171132365493
1.9351772951153963
1.3979604336626394
1.6351222988084482
1.7109285936879168
2.382435683425089
1.946439879860894
1.0434081599205243
1.9138728276883923
1.4208756660967907
2.238784564242569
1.616466922939814
1.700974703666609
0.6436250283754786
1.249022107094138
1.706243419728904
1.485457168379494
1.3881915391474278
1.5091141855291454
1.9954083295864005
1.6859861230747188
1.330032088916423
1.5715404115511733
3.075945166281147
1.0882014907633328
3.4591279431091198
2.331464694021639
2.3704039769148535
1.0979888016089259
1.9069517634693793
1.5832654427516715
1.5497286199736189
1.3123139266612003
1.4740753495984609
1.236139385523895
2.780291002925209
1.462014308331863
1.0420127119519065
1.4460539207128316
1.7718772337015452
1.0678902569750528
1.7087310239797933
1.97775429118534
0.7999072515921201
1.4927007778780794
1.6544930432897904
2.3472093019135447
2.755187182520216
1.2640236633262811
1.9507792175979202
0.7383091688855109
1.4578938595998785
0.8473096907912726
2.2035963682852215
0.8306053923241632
1.6171611747895827
1.7867557914664303
1.0927009640747987
1.9977011306462222
1.4375798148263224
1.8266767676281461
1.4695621742012557
1.7027919750795946
1.7353100666915422
1.680126255033897
2.047669167374887
1.7897343720986771
4.2907228159472055
1.054324857703247
1.13862181016987
1.987052796327935
1.8508943162688922
1.8135154487258691
1.1398307007515913
1.2338538083597934
1.3994759754097035
1.418122608439184
2.116422464509405
1.5298536423810523
1.5338821477597555
1.0468737484561237
1.5505789351395314
1.1648846018476082
1.874477365728008
1.7136833976584138
1.166979149049238
1.9019022439405262
1.650378937486635
1.4367770523257368
1.1094618256922848
2.270228330108988
3.1889078781860434
1.7552998610485855
1.528960950664442
1.6478174818886375
1.1215255883630104
1.7589916587457453
1.7695201387304598
1.4464868626279421
2.650985289662048
1.6245998925114085
3.31181283636043
0.7144816881807021
1.560301677844321
1.0514902131672117
0.6991540220733374
1.8652299434052624
1.843814263283656
1.6383582325802777
1.56726714391202
1.7380063706322761
2.391822324265647
3.239742167129567
1.4107961054938263
1.8980360463971946
0.8783766731034625
1.1852582505232918
1.4099154075616294
1.4220582244330393
2.3157122300756527
2.2266598838393707
1.2516127955431642
1.0512599516568606
1.5865961084305464
1.4339732118708868
1.8580325548767869
2.072791394683433
1.8939517647471973
2.39423507293874
1.8632610971588521
1.7963276135712631
2.6852532722255433
1.658626728492334
2.4066218795583514
2.814024105348813
1.077725627728821
2.9300294025160905
1.5952197872926595
1.562141622635886
1.136611727597579
1.041098844988065
1.1370132717170893
1.718109338260656
1.4888584021482252
1.6680000816557838
1.4037139428332408
1.0614222872880483
2.0607833773521196
1.0679584766340373
0.8249690195924613
1.4006297355489812
1.1042729294712677
2.9273172984618894
1.8691810751486317
1.1553306410789692
1.1779740424799565
1.7120294670466993
1.159053412252522
1.376299117048775
3.4768375110716643
1.0423612948022742
3.699452888392656
1.148765986519492
1.2524086296706005
1.3640422122953835
1.197424135660763
1.8698413480529517
0.8943001324631432
1.6891357828258418
1.7303982617050706
1.3102575113898496
1.2805845251014443
1.8387011420351582
1.5693612537455226
1.5500217164799839
1.6774756915983189
0.8655749591255968
1.6806573397118956
1.930711913339713
1.599080189041934
1.709710071925393
0.8943281836964976
1.4742458320528615
1.0361151014938759
1.9166567690582037
1.4411520155500428
1.5663351814150923
1.5899395949602426
1.0395778258642667
1.5227376663689371
1.2539828196480503
1.5126095180681856
2.3642565304039262
1.5823161651011124
1.4830199977753502
1.0578854257241583
1.3449534038633308
1.2654696397242418
1.505632862376543
1.2558845199909783
1.9471615990248157
1.8980360463971946
1.0448065915356575
0.7076941952422626
1.787957159519372
1.0683210817133584
1.5178790324941203
2.377484904422249
1.3258241972181686
1.0083063668466756
1.6733708081078313
1.5918559530763885
1.7349104223135188
1.5566094769018861
1.6000479762883588
1.6875911539542308
1.70102172403172
1.4774322193373017
1.7584104683836081
1.4554309402829162
1.5795837929534926
1.0882051904232448
1.1532710925689293
1.2022620833607258
1.5785293952283503
1.8980360463971946
1.1056157435749774
1.7087310239797933
3.4268046240242684
1.6447536728431427
1.486306229017784
1.5861195163945527
1.7371065798131966
2.2993861042046713
2.257068670705206
2.15591058090092
1.4083608855112457
1.0571717703358638
0.8426957362642022
1.4438850074675023
1.5965441740487203
1.226507212408841
1.734345118705015
2.022541828824124
1.6019867917447188
1.439992563499415
2.5808368665786308
1.5415802600955406
1.437981474469922
0.6398278979127766
1.856730322303317
2.2011401803698964
2.2011401803698964
0.7672062015709723
1.156982724753279
0.9073752725271541
2.071957415777494
2.348354442440398
2.1513318198296774
1.0312980083373773
1.4044867088662474
1.1703574234869254
1.6565574268255632
2.1350452996029743
2.4614840850837836
4.20891284041468
1.0807690074412828
0.9948289731228264
1.376299117048775
1.5156795150771607
2.687458123480873
3.5640096406315074
1.2255942251128236
2.3810471334635936
1.6891991561977577
1.5501856517988473
1.5126095180681856
1.6391646049469268
1.6592519777174053
1.5533916257769116
1.275183376601125
2.022541828824124
1.4231964192952309
1.5130474252939
1.847025316714493
1.417297807039482
2.187457538971434
1.2621614052104644
0.8121941057517144
1.4099154075616294
2.022690210679972
1.4107125925343411
1.6065090949321734
1.0679584766340373
2.045684290977432
1.8376394045434117
2.769059092572281
0.82202953880135
2.659907319196798
1.0333581110404388
2.029658209709681
1.4323750716522206
1.6780051576091095
1.1724548100819232
1.1582243910685106
1.1309955836596113
1.5952197872926595
1.4952718373689824
1.453350149220878
1.4948427986031305
2.436311710719654
0.7036472755609121
1.0879060994397556
2.1287932183711216
2.259100898202407
1.5520161877004104
1.7186641699395706
1.4823724306288657
1.3209810146221774
1.135809346290293
1.1983012814951381
1.2693398985725297
2.1801171990133947
3.438785351402643
1.9609894489307034
2.3177572193917193
2.289651145282193
1.4095265161453248
0.9753166213648939
2.0150263310528023
2.607464988103961
1.4644619919689563
0.7570424714750309
1.5565642386341136
1.5121718315062376
1.5392827183009168
1.5677335004138577
2.5713531126868974
2.287511762516369
1.141850274189612
1.7120294670466993
1.0541156432722856
1.6015016820064423
2.086245122920959
1.3481907542752778
1.845845272051554
2.5572003342240324
1.6293408199903314
1.5456261192090501
1.1350079059825686
1.8871870189976991
1.8483130693059033
1.1083056984546236
1.7362078125679072
1.4075846665464447
1.426011754079842
1.2089135149526926
2.435044622291002
1.115661451673266
0.8364760375060349
1.9385402978358435
2.123469878130606
2.114669509396148
1.4375798148263224
1.572410889012674
1.4254895011726834
1.4013997612765468
1.6087957326372784
1.2506669857047445
1.3252999125562674
2.2612048164439527
1.467815973743888
1.9180520929949054
1.3864808874535524
1.5744555765737807
1.4335734010634562
2.426226384480892
1.2219540201933516
1.0003929125217708
1.4703143138090136
1.4469667968421813
1.1113931115840363
1.44241203292958
1.0491442451456576
2.0175729500628043
1.3634898891735021
1.4799584129661985
1.8987186310797153
1.0923248514474404
1.63210286715666
2.020127560420239
2.496691137387705
2.222684641368344
1.2111447231676533
1.9680974290631317
1.0576692545711923
0.9668243107684606
0.8182357601336571
1.385911546292201
1.643225811475038
2.071957415777494
1.9028254423418325
1.0650647629108456
1.6029578247847074
2.084551966509949
1.7366085439957548
1.4820692012803292
1.5785293952283503
1.3651481016649352
2.274784956604655
1.9529570431361922
0.9767905930483561
0.8196912389686222
1.4268046240242687
1.4948427986031305
1.2678861024976464
1.2205937641971085
2.1155455447339544
2.053809597786447
1.5148012652917127
1.2398794738772572
1.41147271674403
1.4037139428332408
1.0844749082456806
1.4647054457401123
1.5520161877004104
1.4888584021482252
1.8329846309630393
1.9969361909545051
2.242130626917891
2.010809246603696
1.5156795150771607
1.5156795150771607
1.8521878220385588
1.3723770787775467
0.7254651287332304
1.888535759895732
1.6371411003304004
3.7555103355931427
1.7613203168799574
2.1911641800083546
0.6935493574072749
1.3215980681611685
1.7507121693577272
1.3729360970589681
1.4214649279105376
0.7120493843648594
2.1862243316425354
0.7059174944739525
1.0316409057283427
1.8614616640164485
1.7677565057107203
1.5700869548638297
1.51964266551386
1.6004441816596444
1.049372228068766
1.1771220697520528
4.143150387625369
1.9931215648680758
1.406692838123921
2.4025236402610046
2.185445023699645
2.4071219435636912
2.3575703269211052
2.2346653687467186
0.9227435184391085
1.5966775934517534
1.7225579470314138
1.5621536806009864
1.4445003551094644
1.6135770016686906
2.583000934990233
1.0623419854936165
1.4351737496761188
1.1686941082790971
1.0441070021139125
1.5533916257769116
1.3987076525256321
1.5419956480352157
1.1822496339489437
2.321279347584809
2.039238332163404
1.4177300258499892
2.008159857911978
1.7795935611010634
0.8234969644851104
1.584691307307945
1.2251717224733893
0.7783793452348912
2.021754706918145
1.9491222621603284
1.4525663333299494
1.6815572911085928
1.8111046588350137
1.1491703956323545
2.1021530575897716
0.9186477528656715
1.8720441724024712
1.5240674787702673
1.807408530007388
1.42166385940297
1.5379294243935993
2.0376342892997688
1.6366359598894076
0.9626114790800179
1.407273468637309
1.9250625343100596
2.361303640363194
0.82202953880135
1.5566094769018861
1.9414045674184008
1.5325372355470945
2.4926227975667987
2.040858053177499
1.651956045670988
1.7175663034344395
1.5451714795944795
2.2612048164439527
1.0451566668699233
1.6221132347471523
1.1199568559437953
2.7237626481697843
1.0838960374109163
1.497451308268142
1.3979604336626394
1.1686593628670405
1.3229802115342215
1.337454722041346
2.1252407023195152
1.848957662258534
1.1835374502585854
2.0193976119470594
2.100771789485492
1.6242146801193955
2.355257172521221
1.1921842239684806
1.4468653070061235
1.4020205524711589
0.723592115643835
1.434622285752872
3.9862971729972823
1.0824664691240151
1.483338140824948
1.8325531582099865
1.725909419860166
0.9229383054106419
2.122585818040234
1.4060343065385696
2.2306534033515217
1.4978505299027218
1.6406853330222362
1.6034707024694745
1.7457216921310443
1.2950174489520208
1.547902893681229
1.5229204881757574
1.2310898989824295
1.77069788665844
2.527122525638022
2.137513503984639
1.4359310424892207
1.95586933073895
1.9406876140439706
1.6551902706529527
1.6999959262120359
2.3381021258065435
1.37405540418997
1.439992563499415
0.9710720132234268
1.6156963819011143
0.95107870805801
1.5093865163877411
1.5091141855291454
1.5156795150771607
1.5613922426599618
1.4286630479309965
1.5516640462925342
1.4395899730107216
1.037497985382322
1.4110831276081839
1.4674002814823972
1.5974294459891365
1.4143354637221572
1.4935569523819086
2.057900933489535
2.339235314439297
2.8347170609977748
1.4464595191156286
1.9840342391151073
1.3071837648087703
1.7801778057405935
0.7684684516092668
1.8988508232444856
1.4995739212693069
1.9802757349216704
2.6023656334702783
1.4173376206190973
1.5008687125110212
0.8229094397603971
1.192668718674722
0.9513255915345041
1.5134855534059921
1.1869833096185538
0.85919917661777
1.2751847072260714
1.7021714789181053
1.1610795171665391
2.1193042449004675
1.5294071818398391
2.156972211704883
2.1431503876253686
1.1187826813537307
1.509986700885092
1.45912794310912
2.7326349312752365
1.1553306410789692
1.0318503791571536
2.458139928753414
1.9248742539924344
3.047293457298341
1.4969901148112577
1.3983237457950481
2.100739854970986
0.8845418137512908
2.109431771129763
0.9358542889430742
1.3257529473575211
1.5761710202692842
0.8994217508189527
1.5951760767260699
1.460363782488305
1.5415429042335622
2.041649964338684
1.5366986746647946
1.594426409893131
1.190446277810689
1.4010146630818958
1.2625806001013125
1.6596632309587773
1.747441103376397
1.8645731653295035
2.198243271746379
1.4901373063750631
0.8713844239387603
2.4237232445242776
3.2612011058308896
1.1543949806267932
1.1045355932202476
2.259134281580742
1.8174858332099677
1.4497111428056477
1.143470230504787
1.5986398291820085
2.7746568925947437
2.2674462011230574
1.1956731339890483
1.4914891063014204
1.7117051631493199
1.2343155092044118
1.8606428918190414
0.8929429802217037
1.4391875690360436
0.7748643801424023
0.836008016066185
1.1025545913011077
1.6137114552214056
0.8411675549269244
1.2459566673440736
1.658626728492334
1.8499799695445078
0.8068357314652106
1.9104054020703913
2.952709254030055
1.7560895880079463
1.3395893813228883
1.707974836971108
2.028864615352231
1.7032613021022422
1.2080230101162805
1.7619034582001531
2.1248300123875814
1.6314681384455276
2.0870929404248812
0.9865026224823364
1.4189083063342838
1.1346130079183947
1.703806726901205
2.3058667182291672
0.7141188374516445
1.2269641482979
1.429585382286227
2.066049663199068
1.5515581919271804
1.5008687125110212
1.9399712519713592
1.8235399315579355
1.6437348000414969
1.792779317436054
1.5205258267122714
0.8726847003461202
2.2098572330274973
1.2693398985725297
0.904941645670707
1.7497389591181662
1.0643433075735087
1.815436782348029
1.4444334184446406
1.0853290050726936
1.9250625343100596
1.6487351658667033
1.3465563284080717
1.02278394802234
1.2704276825155123
1.9314206763034028
2.369211811639333
1.217573295975914
4.011026110658184
1.722000623326822
1.6674766776243952
1.9414045674184008
1.4068091406343826
2.0053878088097425
1.6200887862697992
1.4488970949824198
1.0402725817572325
1.679065058855706
1.0016350971311323
1.5242871833820764
0.9479290500199324
1.1878474419563296
1.4275982183817189
1.5511004375219575
1.572880016198697
1.2283367289488356
1.4155189907380636
3.4428159338732947
1.588027455577538
1.4517496064584843
2.1848506655716085
1.1282333912252862
1.0504303664579226
4.468604982620768
1.3552543659108753
1.6063650147780182
1.0889493061615079
1.129821351136098
1.6886628246192434
1.1532710925689293
1.5086782563035301
1.4607761200055698
1.4607761200055698
1.6989101898659058
2.275497835555904
0.8227762789012282
1.4625848690265808
2.518716760386166
2.1173002705101465
1.5356786095455561
2.3657152261833545
1.404100239910458
1.8141968264432256
0.7527290996095426
0.8366121272560353
2.4980793146926423
2.013922472029085
1.461307909992024
1.209359190697693
1.4298694945679862
0.9897402056087736
2.335840174101643
0.8285209560191646
1.714938843063649
1.4013997612765468
1.8129586381169323
1.4707314033554706
1.9728071681517438
1.1619628538816753
1.0190729498654805
1.937825703831073
2.1992078348258555
1.6723930885284202
1.2156284712411067
1.2951946823695892
0.8164952041598531
1.7862632301527854
2.787860453564805
1.3179992454794023
1.863916883497143
1.7337801827736807
1.7982364388241943
1.3451914119663808
1.632605377418756
2.0046160726738504
1.4991427527502488
2.741029419469129
1.1413460058861025
2.1485626074783313
2.7590079578264586
0.8700875378739867
1.865887218475451
1.7320875762676666
2.202107967616321
1.571005025802376
1.6381522633826722
2.053809597786447
1.476569113515279
1.116733539531132
1.1594682967098204
1.8987186310797153
1.4407983047110045
1.3712603098815022
1.037497985382322
1.5961832804184168
1.5556888737804049
1.1602988146476887
0.7681665309955199
1.0837320797302943
2.714980076237841
2.6942572890309875
1.3887626344917263
2.34036998339727
0.693746580759114
1.6206246500403814
0.5828033587891973
1.028902781846379
1.7335176302618414
1.6817204842311688
1.5082425457532316
1.6422087282630315
1.5668010376685801
1.416161467475529
1.0651938558834662
1.690276439470469
1.8418933138155393
1.8135775116477855
1.0302704006817345
1.7659964464178863
1.7575928121392324
1.1865516445780981
