Gene Symbol	Number of perturbations	Ranks of perturbations	Perturbations	Most enriched perturbation	STARS Score	Average Score	p-value	FDR	q-value
POTED	2	8;149	TCGGCTCCATGAAGGCGCTG;ACAGCGCCTTCATGGAGCCG	2	3.761320316879957	3.3056768957378573	0.006406149903907754	0.8776425368353634	0.5265855221012182
GRAMD4	2	95;171	GATGGCCCAGCCATGCCACA;TCTGCTCTGTCCCCAGAGCG	2	3.6417006329201977	2.710226767998257	0.008968609865470878	0.6143497757847513	0.5265855221012182
DZIP1L	2	151;248	GGTGGAGATTCCTCACCGTG;CATCCAGTTCCCGGGCCACG	2	3.3187894920520735	2.4492305559306864	0.015374759769378632	0.7021140294682882	0.5265855221012182
PRICKLE3	2	165;271	CTGCTACGAGGCCCGCCACG;GCCAGCATTGCAAATGCCCG	2	3.2417542719556938	2.391731805581228	0.018577834721332454	0.6362908392056349	0.5265855221012182
SLC47A1	3	166;180;7610	GCAACTCCAGTTACGATCTG;AGGCCACCTTACTCACCGCG;CTTGGTCCTGGCTGGCCCCG	2	3.126987824792774	2.248218241139365	0.021780909673286386	0.5967969250480459	0.5265855221012182
AMIGO2	2	185;372	AGTTGTGGAAAAACTGCCCG;GTGCCAGGAAAACAGCTGAG	2	2.9666069739407104	2.229703941104082	0.025624599615631016	0.5850950245569074	0.5265855221012182
SPATA3	4	425;1339;1830;2084	AAAGGCAGCAAGAGGAGCGG;GGTCAAGAAGAAAAGGTCAG;TTGGAATGCTGGCTGCCGGG;ATTGGAGCTAGCATGCTGGG	4	2.9397948488990626	1.7117703393674557	0.026905829596412634	0.5265855221012182	0.5265855221012182
IGFBP2	3	168;321;9985	CTACTGGGCGCGAGTGGCGG;AGGCGCCCGCATGCCATGCG;CCACCAGGCCTCCTTCTGAG	2	2.630054758980377	1.9972289907918703	0.04868673926969891	0.8337604099935932	0.6260516762758914
GNB5	2	30;565	GGGCAGATCCTGACAGCGAG;CTCGTTCTCGTGCAGCCCCT	2	2.6035959580656285	2.440221809730761	0.049967969250480526	0.760623531923981	0.6260516762758914
MAGEA10	2	181;595	GAAGGGAAGCAACGACCGAG;TGAGGGCTCCAGCAGCCAAA	2	2.5586589222474063	2.030398500736462	0.05573350416399747	0.7635490070467651	0.6260516762758914
CXCL10	2	432;612	CAGAATGGCAGTTTGATTCA;CAGCGTACAGTTCTAGAGAG	2	2.5341900094133827	1.8342105042218584	0.06021780909673291	0.7499854405684007	0.6260516762758914
SOGA3	3	82;364;2434	CTTAGCGTGCATCTGAGCCG;GTACGCGCTCAGCAGAGGGG;GCTCCGCTACGCCCAGACCG	2	2.52256323495706	2.0958946764463384	0.06149903907751442	0.7021140294682896	0.6260516762758914
C1orf229	2	403;629	CCACGCTGCCCTCGTGCCCG;GTGGTGGCTGTCAGTCCACG	2	2.5103915628139672	1.836823032203742	0.06278026905829603	0.6616074508451197	0.6260516762758914
RAP2B	3	215;684;1726	GGAGCCCGTCACGAACTGCA;AGTCCACCTCAATCTCCTTG;GCTCACCGTGCAGTTCGTGA	3	2.4504169064191856	1.8996289467696748	0.06790518898142217	0.6645007778896314	0.6260516762758914
LRRC14	2	534;677	GGTCCACGCGCACCTCCACG;TGTTGAAGCGCAGGTCCACG	2	2.4465155163342165	1.7463883506970204	0.06854580397181298	0.6260516762758914	0.6260516762758914
EMILIN3	2	680;709	ATTTGGGTCTGAGTACTGTG;GCTGGGGTGAGGCAGCCCCA	2	2.4064003833383723	1.6768063503568154	0.07559256886611154	0.6472613709160796	0.6472613709160796
SLC16A1	3	938;1806;1928	ACAGACGTATAGTTGCTGTA;TTGGCTGTCATGTATGGTGG;GGAGCCCTCATGCGACCAAT	3	2.3062181918563223	1.392830239008977	0.09929532351057013	0.8002034894675353	0.7291184152170701
CACNG8	2	726;801	GGACTACGACCACGACAGCG;GCTCCTCCAGGGTTGAAAAG	2	2.30042782153603	1.6105470451384405	0.10057655349135175	0.765499323795288	0.7291184152170701
CYP19A1	2	330;819	CCATCCACAGGAATCTGCCG;AATCTGCCGTGGGAGATGAG	2	2.2811250501836677	1.7641381379614072	0.10313901345291487	0.743686570686807	0.7291184152170701
CYP11B1	2	193;855	CACCTGTTGCCTGGACGCCG;CAGTGCCTGTGCCCTTTGCA	2	2.2437606242481603	1.8592440426163184	0.11210762331838564	0.7679372197309414	0.7291184152170701
CXorf38	3	959;1596;2046	GCAGGGTTTCGTCGGCCGCG;CTATAGGCCTTCATGCCCCG;TGTTTGTCTGCTAGTCCTCG	3	2.228822392428334	1.3970419217750811	0.1191543882126842	0.7773405326256063	0.7291184152170701
CEBPA	3	571;1970;2073	GGAGTCGGCCGACTTCTACG;CCTGCCGTCCAGGTAGCCGG;GATCAAGCAGGAGCCCCGCG	3	2.211741374275176	1.4004870429120897	0.12620115310698277	0.7858889988934835	0.7291184152170701
SPTLC3	2	789;910	GGCCCATCTGCAGTGCCCCA;CCACCTCCAGGGTTAGCCAT	2	2.189610069062318	1.5383631555628263	0.13388853299167203	0.7975099573851768	0.7291184152170701
SH2D5	2	708;917	GAGAGCTGATCACGGCCGAA;GCAGTCGGCAGGGCACCAGG	2	2.182954182364463	1.5568932707024634	0.13773222293401666	0.7862214392483451	0.7291184152170701
TNFRSF13B	2	723;920	AGGGTCACTCAGCTGCCGCA;GCTCTGGTGGAAGGTTCACT	2	2.1801171990133947	1.5512294127119697	0.13837283792440747	0.7582831518257529	0.7291184152170701
C10orf32	2	569;933	GAGCTGCCTGACCTAGCAGC;GAAAGGCTCCCGGAGCTCCG	2	2.167929566211505	1.5940156479987873	0.13837283792440747	0.7291184152170701	0.7291184152170701
BID	3	340;1547;2178	GCTCAGGAACACCAGCCGGT;GGCCGTTCACCAGGCCCGGA;GCTGGTGTTCCTGAGCTGCA	3	2.1473656542974893	1.5115031941774166	0.1441383728379244	0.7313687806961351	0.7313687806961351
TMUB1	2	636;1049	GTAGCTGCCATGGCTGCGCT;GCAGCTACCGACAGCATGAG	2	2.0661418773173894	1.520306870180082	0.17552850736707237	0.8588359110460323	0.8090767136450993
BCL2L10	2	576;1074	GTAGTCGGCCAGCAACAGCT;AGCGGTTCCCGGGGTAGCCG	2	2.045684290977432	1.5303793329670423	0.18257527226137094	0.86251076895889	0.8090767136450993
ZSCAN25	2	806;1077	AGGTCCAGACCCAGGTACCG;GTCCTGACTGAGCTGCTCCT	2	2.043261447108542	1.4609106453307843	0.18385650224215244	0.8396113602391626	0.8090767136450993
PIFO	3	216;641;9510	CTTAGGGGATCACCCCACAG;TGTGGGGTGATCCCCTAAGA;TGGGAGCCAGAACAGCTGTG	2	2.042171380288132	1.6505883743763683	0.18385650224215244	0.8125271228120928	0.8090767136450993
RABL6	2	585;1097	CCAGTGAAGATAGTGATCCG;ACTGTTGTACTGCACCCCCT	2	2.027279598555083	1.5179922708705795	0.1889814221652787	0.8090767136450993	0.8090767136450993
TIMP2	2	80;1139	GCAGCGTCGCCAGCAGCAGG;CGCCTGTTGCGGGTGCACCG	2	1.9946454055463043	1.9237259826809208	0.20884048686739276	0.867004445479782	0.8328999761339515
EMX2	2	68;1169	GATGGGGTCCTCGGAGCGCG;GTTAGCGTAGCTGAGTGCCG	2	1.972063831380825	1.9474940266109744	0.21652786675208202	0.8724799336775069	0.8328999761339515
KIR2DL4	2	339;1179	ACATGCCAGGATGATGACCG;AGAGTCACGTGTCCTCCTTG	2	1.9646652435143277	1.6002432559036164	0.21973094170403584	0.8600896860986545	0.8328999761339515
DLGAP1	2	862;1189	CTTCTCCAAAAGTTGCTGCG;GCTCTGGATGGTCCTAACGG	2	1.957329144467122	1.4045180495946479	0.22101217168481746	0.8410740978005553	0.8328999761339515
CD80	3	444;729;8249	CTGATAACGTCACTTCAGCC;CGTATGTGCCCTCGTCAGAT;GAGCCAGGATCACAATGGAG	2	1.9340260011637027	1.449061329527627	0.23318385650224216	0.8634104956974912	0.8328999761339515
KIAA1804	2	758;1260	CTCGAAGGCGACGTGTACCG;GCTGCCCCCATGGCTTTGCG	2	1.9069517634693796	1.4050996263626871	0.24599615631005767	0.8868808793283658	0.8328999761339515
DAAM2	2	155;1263	GCAGAGGGTGGTTGTCCCGG;ATTGTCCTCCAGGATGAGCG	2	1.904886152593844	1.73667929252831	0.24663677130044848	0.866390709440037	0.8328999761339515
CTGF	2	348;1276	GACCCATGCGACCCGCACAA;GCTGCCCGGGAAATGCTGCG	2	1.8959915049342184	1.560394660047835	0.2524023062139654	0.8644778987828317	0.8328999761339515
MAGEB5	2	976;1312	TGAAACTCCCCAACAATGGG;GTGAGACCTCTGAGGAACAT	2	1.8718251836252224	1.3371748560633585	0.25688661114670086	0.858377212856049	0.8328999761339515
FAM102A	2	1152;1313	ACCCTTACACGTCAGCTGCA;ATAGTGGGCCGAGCCTTGGG	2	1.8711634015255465	1.3045691214664628	0.25752722613709167	0.8400292852567036	0.8328999761339515
OR51D1	3	417;818;9665	CCAAAAGGAAGTATGCTGCG;TATCCATGCTCTGTCAGCCG;GGTGGCAAATGGCCACAAAG	2	1.837639404543412	1.4134146756175483	0.2825112107623319	0.9000938575451037	0.8328999761339515
TCF21	2	1151;1393	CGATGTGGAGGACCTTCAAG;TCCTCTTGCCCAGGCCGCCG	2	1.8197906208565784	1.279049953966533	0.28955797565663033	0.9015782423854171	0.8328999761339515
PLEKHO2	2	1385;1396	GTAGGAGGCATGAGGGGCCG;TCCACCATCTGTGCTCCCCG	2	1.8179220171302208	1.2429836151622218	0.29019859064702114	0.8834934870809309	0.8328999761339515
HRK	4	1154;1444;1898;7986	GGCCGTGTGCGCCTGCAGCG;GCTGCAGGCGCACACGGCCG;TGCAGGCGCACACGGCCGGG;GCCTAGCGCCTTGAGCCGGG	3	1.8042939919050116	1.1543004970348765	0.2985265855221012	0.8890900481853883	0.8328999761339515
KAT2B	2	963;1421	CCCTTGAGCAGCCAAACGCA;GCTCCTGCCCCGCAGCCGCC	2	1.8025046978495656	1.3051536462594235	0.299167200512492	0.8720405631959873	0.8328999761339515
OR2T10	2	651;1433	ACCAGCAGCCTGATGCCAGG;ATGAGCACAGAGTAACGGAG	2	1.7952004729098163	1.3800793136266543	0.30365150544522745	0.8666720051249199	0.8328999761339515
ABAT	2	52;1436	TGATGGGCCTCTGATGAAGA;GTGAATGGCTTTAGAGTGCG	2	1.7933839738919424	1.9160983249919656	0.30365150544522745	0.8489848213468604	0.8328999761339515
RABL2A	2	255;1448	CGTGGCTGTGTGCTTGTACA;GATGGTCTTGCCATCTACCG	2	1.7861557299822493	1.5711634946627706	0.3094170403587444	0.8478026905829597	0.8328999761339515
BCL2L15	2	710;1456	CTATCATTGCTGGTCGCCTT;ATGTTGGGTGACCAGTTCAA	2	1.7813701037504686	1.3555296145852882	0.3100576553491352	0.8328999761339515	0.8328999761339515
ACVR1C	2	223;1522	GGCTCTCCTGCTGCTCGCAG;GCTCTGCTCAGCGCTCCGCC	2	1.7428635488353974	1.578007978896352	0.32991672005124917	0.869203666288868	0.8337604099935939
PCDHGA1	2	615;1534	CTCCCGGTCTATCCTGCGCG;GCAACATCGCCAAGGACCTA	2	1.736042134478581	1.3621216025566154	0.3344010249839846	0.8643951023170922	0.8337604099935939
SIPA1L2	2	350;1535	GAGAGATTGCAGGGTCACAG;GGGACAAGCCTTTCAAACGG	2	1.7354760940780949	1.4789321400968158	0.3344010249839846	0.8483877856075164	0.8337604099935939
PRLHR	2	1420;1539	CCGCCGAACACCCAGCCGCG;GCCTATGCCTTCGAGCCACG	2	1.733215614041548	1.1959774665507328	0.33760409993593854	0.8409411216586105	0.8337604099935939
REM2	2	1127;1581	CTGCCCCTCTGGCAGCCGCC;TCTTCGTCTGGGGGCCCCAG	2	1.7098291138400872	1.2281330158112516	0.3542600896860987	0.8666720051249198	0.8337604099935939
MTUS2	3	167;967;2593	GCTGCAGCTGCAATTCGAGG;CCTGCTCCTGGTGTTGACAC;GGATTGTGATGGCAACTGTG	2	1.698498863659943	1.5327085069742843	0.36579115951313257	0.8791822605841957	0.8337604099935939
C15orf61	3	832;968;9266	CCTCTCGCACTTCAACTGGC;AGAGGCCGAACTGGTCGTTG;GGCCCTGAGGAGGGCCCACG	2	1.697643047895683	1.2102761950389995	0.36579115951313257	0.8640239457465372	0.8337604099935939
NRROS	2	49;1616	CTGGAGGGAGTGATTCCACA;CCAGGAAGCGGAGATCTGCG	2	1.6908101408273706	1.877657234528167	0.3677130044843049	0.8538420612601655	0.8337604099935939
DNAAF1	2	857;1652	GCAATGTGTTCAGGACTGGG;CCTTGGCCATGATCAAGCAG	2	1.6716727677357786	1.2628492892668777	0.3830877642536835	0.8747170617125773	0.8337604099935939
CYP26A1	2	184;1657	CGGCCTCCTGGTCTACCCCG;CTACGTGCCGGTGATCACCG	2	1.6690478368658317	1.5820818248151662	0.3837283792440743	0.8618161960071833	0.8337604099935939
IL1RL2	3	161;1005;8049	CTGAGTCCCCCCATTCCATG;GTACCTGCTGTGACAGACAG;ACTTCCCCAGATGTTATGGG	2	1.6666166700149097	1.524479132328294	0.38629083920563745	0.8535781446963279	0.8337604099935939
RGMA	2	142;1664	CTATGCCATGGACGGCCGAG;GGGTGACCTGGCCTACCACT	2	1.665386209795095	1.6356983090863384	0.38757206918641895	0.8428154520403079	0.8337604099935939
POLB	2	980;1711	GCCGCAGGAGACTCTCAACG;GTGCTAACCTGTGAGCATGT	2	1.6411928346223046	1.221054539106205	0.4055092889173607	0.8680433215887253	0.8337604099935939
SYTL5	3	487;1041;10602	TCAGTGAGCAAGCCTGACAA;CTGGGCCTAATCTTTGACCG;ACTCTTTGTGAGCTCCTGAG	2	1.6375657007566249	1.282478639543054	0.40871236386931453	0.8614399053860937	0.8337604099935939
HMGCL	3	906;1069;8081	CGGGGCACTTACAGCCCGGA;GGGCCAAGATGGCAGCAATG;GCCAAGCCCACCAGTCGCCG	2	1.6156963819011143	1.1538755316910247	0.4266495836002563	0.885621105352047	0.8337604099935939
BARX1	2	735;1775	CGCCTGCTCGGCCTTCAGCA;GCGCGCTTCGGCCCGCCCGA	2	1.6092961389222795	1.2624903977615891	0.4311338885329917	0.8815722795376099	0.8337604099935939
DISC1	2	1023;1804	TGGCAGCTCCCCTACCTGCG;CCCCACTGAGAATGGAGCCG	2	1.5952197872926597	1.189648149439618	0.4497117232543242	0.906036854203565	0.8337604099935939
KCNMB4	2	767;1809	AGCCACGGAGGCCAATTGCA;GGCGATGGCGAAGCTCCGGG	2	1.5928157199848776	1.245653637968429	0.4522741832158873	0.8979936681242979	0.8337604099935939
PCDHGB7	2	965;1811	CTAAGGCGGTCAGTACCAAG;GGATCGGCTCACACAGCGTG	2	1.5918559530763885	1.1994206972718242	0.4541960281870596	0.8889265123089595	0.8337604099935939
TNFRSF19	2	1795;1815	GATGACACAGAGGATGAGCA;CCGTGGACGCGATCTTCACG	2	1.5899395949602426	1.081836507869386	0.45611787315823193	0.8801147693334898	0.8337604099935939
TMEM221	2	272;1817	GCCATGGCCCGTTCTTACGG;CCGCGTCCTCTGGCAGCCCG	2	1.5889829990884363	1.4588966437620936	0.45739910313901344	0.8703288490284006	0.8337604099935939
ABTB1	2	1124;1828	GCTCTACGCCAATGTCCAGG;GCAGGGCCCCAAAGGCCACG	2	1.58374047090888	1.1656035954595658	0.4606021780909674	0.8644177862803086	0.8337604099935939
OR51B5	2	1264;1836	TGCTGGCTGCCACAGACCTG;GGGCTGGGAGTTCTGATGAG	2	1.579947499974058	1.1412190096951569	0.4631646380525304	0.8574804785567116	0.8337604099935939
CAPN11	2	1752;1841	CTACCCGCACATGAGCCCCG;TCTGTCCTCTGGGCACCACG	2	1.5775852766964755	1.079946433130301	0.4657270980140935	0.8507281657057442	0.8337604099935939
ISG20	2	1603;1859	CAGCACCGTGGACGTTCACG;TTACAGAACCCGGGTCAGCG	2	1.5691340741607078	1.091665603558624	0.4727738629083921	0.8522370949796015	0.8337604099935939
COL6A1	2	1093;1862	ACACCAGGTTTCGGTCACAG;TCTTCGGCCAGACTGCCCCG	2	1.5677335004138575	1.1630139702780626	0.4740550928891736	0.8434486717638542	0.8337604099935939
FGFR3	2	1668;1875	GCTGCCGGCCAACCAGACGG;GCAGTTGGTCTTCGGCAGCG	2	1.5616903095770298	1.0807699040395429	0.48046124279308133	0.8438870546493865	0.8337604099935939
ROPN1L	2	1687;1887	ACGTGCTGCGGTGGTCCGCG;GGCCAAGGGCGCTTACCCCG	2	1.5561490533746425	1.0759676342699382	0.4849455477258168	0.8409815194738847	0.8337604099935939
HPCAL4	2	449;1888	GCTTCTGCTCGAAGCTGCCG;GCTGAAACTCCTCCAGGTTG	2	1.5556888737804049	1.3369179475373951	0.4868673926969891	0.8337604099935939	0.8337604099935939
PJA1	2	1006;1918	GTGCGTCCAGAAGTCAGGGT;TTCTTGCCAGGCCATCCGAG	2	1.5419956480352155	1.1663166991425675	0.5028827674567585	0.8505548042169866	0.8487319591513737
APOA5	2	289;1940	GGCCGGTGTGGTGCACCACG;CTACTTCAGCCAGACCAGCG	2	1.5320893938440532	1.4176197622697522	0.5131326073030109	0.8573069170794206	0.8487319591513737
FBXL13	2	649;1947	CATTTCTGAGGGCTGCCCGG;GGACGATGCGACTCCTGCCG	2	1.528960950664442	1.2475869959995771	0.515695067264574	0.8512075206656221	0.8487319591513737
MZT2A	2	875;1966	CCGGGCCGCCTCCAGCCCCG;GTACGAGCTGGCTCAGGCGG	2	1.5205258267122714	1.1831360937070774	0.5221012171684818	0.8515222232390715	0.8487319591513737
NDUFS6	2	1405;1972	GGTGCGGGTCTCGCCGACCG;CCAGCGGCGCAAAATGGCGG	2	1.5178790324941205	1.090286423876112	0.5265855221012172	0.8487319591513737	0.8487319591513737
ID4	3	1092;1231;2892	GGGTGGCTCCGCAGCCGCGG;GACGGCGCCTTGCGGCCCGA;CTGTAAGGCGGCCGAGGCGG	2	1.5000537979401651	1.063333873349973	0.5458039718129405	0.8694784202136377	0.863680041931163
RDH12	2	2010;2026	GCCAGAGAGCTCGCTAGCCG;GCAGCTTCCTGGCAAGGTAG	2	1.4944139716559819	1.0144655456473373	0.5522101217168482	0.8695722606345772	0.863680041931163
SIRT5	2	1258;2031	GGGTGATGACCACGACTCGC;AGTTGAGAAACTTCCCCGGT	2	1.4922730068948915	1.0982854554182182	0.5547725816784113	0.863680041931163	0.863680041931163
MCF2L	2	936;2066	CTTTGAGCAGGGCTTCCGGG;GCAGCAGCCACAGCGCCCAG	2	1.4774322193373015	1.1482272745917133	0.5695067264573992	0.8766564216254348	0.870251862840959
ZNF707	2	1724;2094	GCCCAGCACTCACCTGGCCG;GTAGAGCTGTCATTCATCTG	2	1.465739499018858	1.0268874281374476	0.5836002562459962	0.8883692789522386	0.870251862840959
CYLC1	2	234;2107	TTTCCCAAACCACTCCAGAG;GTACCTCTCTGGAGTGGTTT	2	1.460363782488305	1.4265179544311215	0.5906470211402948	0.8892158450134109	0.870251862840959
DSCAML1	2	2053;2112	CGAGAAGGTGGTCAACCCCG;GCTCCTTGCTTGGTTCACTG	2	1.458305025980956	0.9928198858148876	0.5912876361306856	0.8805044146728687	0.870251862840959
C6orf136	2	1008;2129	CCAGGCCAGGAAACGGCAGA;GCAGGGTCCAGTTCTCAGGG	2	1.4513415308278603	1.1206004762067654	0.5964125560538117	0.8785862384878732	0.870251862840959
TMEM237	2	1930;2137	GCTGGTCGAAGGCCCTCTGA;ACAGGCTGGCTAATGCCAGT	2	1.4480838093763664	0.9982618830715028	0.6002562459961563	0.8748415500156747	0.870251862840959
ZNF419	2	1254;2141	GAAGTCCTTGCAAAGCAGGG;CCACAGTTACTACACCCGTA	2	1.4464595191156286	1.0759839573001673	0.6034593209481103	0.870251862840959	0.870251862840959
RIPPLY1	2	230;2169	CCAAAGCCAGGGCTGGAACA;TGGAGCTAGGGCCAAAGCCA	2	1.4351737496761188	1.4175886127749449	0.6226777706598334	0.8886130685458039	0.880249395855665
AGA	2	324;2191	TTGCCAGCCAAATTATTGGA;ATGAAGAGCTTGAGAAGCAG	2	1.4264080985830945	1.3406456076227875	0.6354900704676489	0.8975478314852361	0.880249395855665
MOSPD1	2	116;2193	AGACAACCAGAGTTAGTGGA;AGTAAAGCCTCAGTGTTGTG	2	1.4256155903494594	1.559223679505767	0.6367713004484306	0.8901802873615815	0.880249395855665
UQCR11	2	2200;2206	CTCCTCTCGCAGGGTCCCGA;TTGACCAGCTCCCGGTAGCG	2	1.4204818374961616	0.9623635881930316	0.6450992953235106	0.8927131662557672	0.880249395855665
CD300A	2	1330;2208	GCAACAATGCCAGCAGGGAG;GGGCCTCCCTGCTAGCCTGG	2	1.419694715590183	1.0514702222188193	0.6450992953235106	0.8837860345932096	0.880249395855665
IGFL1	2	1772;2213	GAGCCTGGAGATGCAGAAAA;GCATCAGGTAAGGAGTCATG	2	1.4177300258499892	0.9980083780023824	0.6489429852658553	0.880249395855665	0.880249395855665
TMEM127	2	639;2242	GCCTGGTTGCACATCCACGG;GCACAGCGCCGTGATAGACA	2	1.4064216371865963	1.189485861001245	0.6662395900064062	0.8948512140282123	0.8938320593595094
FIGN	2	1529;2252	GTAGGTGTAGCCAGGAACAG;TTTGTGGGCAGGAGACCGAG	2	1.4025560813458882	1.0169922017033066	0.6720051249199231	0.8938320593595094	0.8938320593595094
CHRNB4	3	604;1449;5959	CCTGGCCCAGCTTATCAGCG;GCAACCAGATGCGCTTTGCA;TTTCCTCCGCATTGGCCACG	2	1.3679201029867456	1.1056178901651834	0.692504804612428	0.912241906075987	0.9024814765571175
MLLT1	3	907;1469;7014	CTCTGTTTCAGGAGGAGCCG;TTGCTCTCGGAGTCTTTGCG;GAGCTTGTACCGGAACTCCG	2	1.3568941151865856	1.0242765585907183	0.6963484945547727	0.90856898813337	0.9024814765571175
RGS7BP	3	415;1481;8130	CAGCTGCCCCTCACTCCGGG;AGCAAGCCCCCGCTGCAGAG;GCATTTCCGCCCGGAGTGAG	2	1.350356948224232	1.1707377687598983	0.698270339525945	0.9024814765571175	0.9024814765571175
RNF186	3	850;1526;11081	GCTGCCCCACCACCGCCTCA;GATGGGCTGGGACTGTTGCA;GGCTGCAGATGAGGCCCCCG	2	1.3263488589171728	1.0207272978411457	0.7072389493914157	0.9055302436133079	0.9036467601490022
PLAC9	3	20;1538;4329	CTCTGAGCTGAGTCTCCTCG;CTCACCGGCCAAAGAGCCCG;ACTGGCCCTGCTCCGCGCCG	2	1.3200776964210077	1.7986544198136412	0.712363869314542	0.9036467601490022	0.9036467601490022
MAGEH1	3	707;1622;2826	GTGCCCTGAAAATTGCTCCG;CTAGCAGGAGACATGCCTCG;CGCCGACTCTTTCGTCCCCG	2	1.2776341463073155	1.0304782149440557	0.7251761691223575	0.9114599556858989	0.9114599556858989
EDF1	3	395;1673;9071	GTGACGGTGCTGCGCAAGAA;CTGCTTGGATTTGGCCTGGG;ATTTGGCCTGGGCGGCCGTA	2	1.2530338653880408	1.1320059521568786	0.7399103139013453	0.92152466367713	0.9148545803971813
CABS1	3	1326;1690;2988	GTTTGTAGTGCCAGTCAGAG;CTGTGTCAATGGTAGCTAAG;GCAAACCATCTTCAGCCATG	2	1.245018329485214	0.9037070705202096	0.7443946188340808	0.9187573223447664	0.9148545803971813
GLB1	3	1066;1777;6385	CTGCTTCTGGGCCCTACGCG;CCTCCATTCTGATAGAGGAG;GCAGAACCAGCAACAGAGGG	2	1.2053582463994668	0.9201162206686241	0.7648942985265855	0.9356296330191269	0.9148545803971813
POU3F2	4	1246;1324;9878;10542	GCCGCCGCCGTGGGACAGCG;GCTGTAGTGGTTAGACGCTG;GCACCAGGCTCTGCGCTTCG;CCCTGCTGCATGCCGCCGGG	2	1.1938059919091797	0.8510039130509996	0.7687379884689302	0.9320097736304729	0.9148545803971813
SFTA2	3	994;1820;3308	GTCCTCCTCTTGACCCTCCT;TGCCAAGGAGGGTCAAGAGG;CTTGGCAGCTCACATGGAAC	2	1.186551644578098	0.9228595222977364	0.7738629083920564	0.9299931442957169	0.9148545803971813
KRTAP12-2	4	540;1345;6451;8152	GCAGGAGCTGGGCACACAAC;GGAGCAGCTGGTATGACACA;GCATCCTGCTGTGTGCCTGT;GCAGCTCACGGGCAGGCACA	2	1.1819640796309414	0.9825198766684308	0.7783472133247918	0.9272484193521433	0.9148545803971813
PRR5	4	66;1366;5840;6909	GTAGAAGATGGCCTGCAGCA;GGCATTCCGGAAGTGCAGCA;GCAGGGGGTACATGAGTCCA;GCTGCAGGCCATCTTCTACC	2	1.1703377855183306	1.4050994168017945	0.7860345932094811	0.9283339592215423	0.9148545803971813
GCFC2	4	561;1371;5286;9628	CCTGAGCCTTCGTCCGCGCG;CACCAAAGCGGCTCCCCGCG;CACCTGAGCCTTCGTCCGCG;GTTCGGGGCCCTCGTGGCCG	2	1.1676006857151335	0.9683239089990072	0.7879564381806534	0.9226498464166626	0.9148545803971813
HTRA1	3	511;1866;2293	GGTGCTTGTTGGTCACCACG;GGACGCGTGCGGCTGCTGCG;CCGGTCATCGTCCTGCAGCG	2	1.166979149049238	1.0377026205335795	0.7885970531710442	0.915574544783331	0.9148545803971813
TNXB	3	154;1927;9976	GCGTGCACTGAACTTGACCG;GATGCCCCCACCATCCCGGG;GGTCTCCGCCTGCAGAGGCG	2	1.1418502741896122	1.2714761660807117	0.8084561178731582	0.9307435978875855	0.9148545803971813
POMC	3	1159;1943;7303	GGCGGCCGAATCGGTCCCAG;ACATGGGAGTCTCGGCCGAG;GGCTTGGCACCATCGCTGCG	2	1.1354085086295085	0.8709350978872112	0.8155028827674567	0.9310324578261797	0.9148545803971813
SLC22A18AS	3	1048;1945;6192	CCTCTGGAGGAGGAAGTCCA;ACTTCCTCCTCCAGAGGAAG;TCTGGGCTCAGGTTTGGGAG	2	1.134607538113886	0.8876771299268589	0.8180653427290199	0.9262392723460803	0.9148545803971813
LBX1	3	1450;1958;6491	GCCCTGCGCGTGCTTGTCCG;AGGTCTGCGAGAGCAGCGCG;GAGAAGTTACTCGCTGTGCG	2	1.1294240141114342	0.8319198661871406	0.8199871877001922	0.9208052845485765	0.9148545803971813
RSG1	3	1916;1986;10058	TCTGCGCAAGAACCGCCGGC;AACTGGCACGAGAGTGCCGA;AAACTGGCACGAGAGTGCCG	2	1.1183917409692337	0.7868945105790001	0.8270339525944908	0.9211678984182539	0.9148545803971813
TMEM132D	5	94;1177;5297;5624;10591	GGTGTAGTAGAGCTCCACGG;ACTGCGTCTGGACAACAGCG;AGTCAGACGTGATCTCTCCG;AAGTCCGTGGACCAGCCGGA;ACTGCGTCAGGGAAGACGCG	2	1.1091799321180995	1.2527070284545156	0.83472133247918	0.9222324399165134	0.9148545803971813
NUPR1	3	775;2011;3517	AGCCTGGCCCATTCCTACCT;GCCTTGGTTACAGGAGGTGG;GGGGGGCGCTGGTTGCTGGT	2	1.108690854339783	0.9288570047597792	0.83472133247918	0.9148545803971813	0.9148545803971813
IFRD2	3	457;2068;3961	GCACAGCTAGCCCTGCTGCC;CGCGCGCCACCATCTTCGCG;GCGACCTGTTTGGCAGGGCG	2	1.0870813328947038	1.0198417997943006	0.8494554772581678	0.9236142887648333	0.9236142887648333
TTC34	3	1569;2127;2713	GCTCAGGGACCACAGTCCCG;CGAGGCCTCTCGCCTCCTGG;CCTGGACGTCTTCTGCCACG	2	1.06542578591493	0.7880612776443241	0.8622677770659833	0.93016287762236	0.9289508697580448
LETMD1	3	1028;2147;3340	CCGGGTGACAAAATGTCCAG;GCTACAGGTCCCTCACCGAG;TCCGGGTGACAAAATGTCCA	2	1.0582425434570013	0.852833949779111	0.8680333119795003	0.9290669042280589	0.9289508697580448
SLC35D3	3	1706;2175;8341	CCACCGAGATGCCCAGCACG;GTGCCTGACCAGCTCCACCG;GACGGCGATGACGTACTGCG	2	1.0483157934433476	0.7674732784318414	0.880204996796925	0.934791353187432	0.9289508697580448
SMIM13	4	1575;1618;10427;10585	CCAAGATGTGGCACAGCGTC;GCTGATCGTCCTGCTGCTGA;CAGCAGGACGATCAGCAGCG;GTCCTGCTGCTGATGGTGTG	2	1.04555488189277	0.7476272547436391	0.8814862267777066	0.9289508697580448	0.9289508697580448
CRACR2A	3	507;2225;7933	GAAGGTGTATCTGTCCAGAG;TCCAGTTCCTCCAGGCTGAG;GCTCAGCCTGGAGGAACTGG	2	1.0309552918036924	0.9712364761633654	0.8994234465086484	0.9406184135243116	0.9334925164521577
TMEM14C	3	1457;2226;7504	TTTGGCAGTCTAGCCGGCCT;GTTGCTTCTGGTGGGATCAT;CAGCTGGTAAGCACCCAGGC	2	1.030612755970627	0.7817765818952529	0.8994234465086484	0.9334925164521577	0.9334925164521577
ZNF395	4	1149;1767;7716;8667	GGAGCCTTAAGGACTTCCTT;GGAACATCGATGTCCCAAAG;TTTCAGCCTGGGCAGAAGGT;TCAGAGGTGGTGAAAGGCTG	2	0.9824818025203298	0.7566982634881287	0.9103139013452914	0.9376917630398867	0.9376917630398867
LSM8	4	1203;1840;6547;11128	GCTCTGGTTCTGGGACTGAG;GGCTTTGTGTGAGTGCCCCG;GGATTCGGACGGAGAGCGCG;ACAGCTCCCGGCAGCCCGCG	2	0.9539821363301614	0.7359434875446885	0.91736066623959	0.9378985916031629	0.9378985916031629
PCP4	4	274;2176;4028;8984	CAAGGTGCTGGGGCAACCAA;AGTTAGAGCCAACATGAGTG;CCTTTAGCGACAAGGTGCTG;GCCTTTAGCGACAAGGTGCT	2	0.8396442401986316	0.9428021383981584	0.948750800768738	0.9628063681875341	0.9564381806534273
CREG2	4	257;2194;6168;10738	GATGTTCTCCTACCGGCGCG;GCTCACGATCACGTAGCCCG;GCCCGAATCCTCTAGCAGCG;CCTCCTTGTGGGCAGAGGCG	2	0.8342002816746981	0.9529870686250888	0.9538757206918642	0.9608895127557749	0.9564381806534273
OTP	4	1240;2215;5155;7599	CGAGCTTCTGGGCCACCGGG;CCAACTCGTTGAGCTGTGCG;GGTCCCCCGGATGGCCCCCG;CCCAACTCTGACCCAGTGGA	2	0.8279270956453125	0.668724765117803	0.9564381806534273	0.9564381806534273	0.9564381806534273
